year_month,topic_share_0,topic_share_1,topic_share_2,topic_share_3,topic_share_4,topic_share_5,topic_share_6,topic_share_7,topic_share_8,topic_share_9
2021-01,0.02420141231744059,0.32917644913039157,0.09783567726439087,0.04344761585188275,0.14129892085654008,0.05858364556961659,0.21155414282972768,0.018001605296990207,0.04852123735962592,0.02737929352339382
2021-02,0.037277241206868386,0.3389241122374923,0.045620591220863295,0.07667032837808231,0.04057962049723357,0.027404749983830537,0.3405292570311969,0.03805899572439898,0.02542538552969141,0.02950971819034221
2021-03,0.04223612984570582,0.32437027122617595,0.04591783861242893,0.07936575352263305,0.06983294802392337,0.025168642148410494,0.3060962462188584,0.035809743554586375,0.025274079404045975,0.045928347443231425
2021-04,0.040847835340207556,0.2661913183015261,0.02806106741288103,0.06331904049596913,0.03187254364604869,0.05576744778766669,0.2477039055023779,0.06906115330189996,0.056779077392879004,0.14039661081854396
2021-05,0.07612994515126263,0.2756827496864993,0.062152243238234164,0.1039963767299937,0.038715702577360435,0.045179728871327575,0.25140397872546666,0.0635900683646385,0.049883739939548026,0.03326546671566886
2021-06,0.02993325651118088,0.24975030257047826,0.11366799567303358,0.08771027417306508,0.05502154147520499,0.05609263365134699,0.15481573335836193,0.11482214545530439,0.045489987740335594,0.09269612939168818
2021-07,0.05347478531461918,0.26040459850388015,0.07819253979270382,0.12951078555085505,0.03538008249531412,0.03449074756130549,0.22167924239200998,0.06461212730281929,0.037728273150696344,0.08452681793579653
2021-08,0.0430529016032643,0.31051994135189387,0.036417224790503556,0.09433784458051073,0.039276411127123226,0.017420576700083658,0.24424178331597135,0.0717846397171352,0.054735535157410205,0.088213141656104
2021-09,0.047884911263992455,0.29969222730466755,0.08042320866057641,0.07368870238101771,0.024349230372124397,0.06630232635268166,0.17432357565180973,0.08837455380304729,0.040484649036223536,0.10447661517385913
2021-10,0.1185434347051623,0.2949744658104671,0.07416141494839945,0.0886456458038018,0.031390595332450554,0.07416887355877144,0.11871020072808149,0.06158333935586795,0.08081976735424666,0.05700226240275142
2021-11,0.07883925517565617,0.24160715398531624,0.0564390837017613,0.08810484735661833,0.03453845069628045,0.09993697861241593,0.15628571429216498,0.058697626555275696,0.11300546366301821,0.07254542596149256
2021-12,0.0571547475846535,0.23049139734411658,0.059696642543625396,0.0979022931199338,0.043216244760946515,0.040567811735137294,0.23356248619147618,0.12421789153973747,0.034380444863023864,0.07881004031734942
2022-01,0.05852359964387474,0.3039909165751797,0.03282224921386587,0.09221455638055526,0.045975331495547826,0.025103585702722957,0.17364414186608712,0.09612229531656638,0.07692495386716897,0.0946783699384313
2022-02,0.03774699390189763,0.2948060058852314,0.07797638161185991,0.05663299249806665,0.05697604406785689,0.03886229023721319,0.07489109162314601,0.22762343968080584,0.06597594703881257,0.06850881345510974
2022-03,0.0670874467290846,0.17456301284151382,0.0749689313879526,0.10275812098182538,0.11606970307891865,0.04159722285313492,0.07189534835445557,0.22038117527597187,0.052497612406036384,0.07818142609110634
2022-04,0.08243583242201799,0.28401415861014234,0.06272481323085688,0.1110441283269994,0.04711948161394639,0.036235273323956034,0.11133737884908589,0.13118310812689923,0.06060294656046165,0.0733028789356339
2022-05,0.058525275806249215,0.23894872673292195,0.06913410902842461,0.14128056105940917,0.08222365378721518,0.06569351703221317,0.06334621929029266,0.17871962588299672,0.04295839832885354,0.05916991305142382
2022-06,0.06424357871595555,0.20628197641282997,0.09119115010950622,0.09727131641493184,0.05538083112642013,0.12927041982084134,0.08441463222429346,0.17049532709817197,0.03329887948550173,0.0681518885915479
2022-07,0.06618454286486605,0.31255181125594206,0.05259552968811891,0.10313558794141389,0.06821470631682217,0.0557104809411356,0.07897379642398179,0.12985604334213577,0.05311596657426096,0.07966153465132277
2022-08,0.14465948387087837,0.31468115289553983,0.025870430882361694,0.08280855962549553,0.12948993893142988,0.02789624023726544,0.06859344643049779,0.06599830967852502,0.042851618552745864,0.09715081889526056
2022-09,0.10857920749344427,0.24240543918350937,0.049916530361500955,0.15027472332168168,0.05490121034069053,0.06228457054528465,0.059225676619986914,0.11231544818875641,0.07443473633094848,0.0856624576141969
2022-10,0.2221102116078043,0.21100980397353347,0.11297054509604,0.11844287068516651,0.03640386448533119,0.027085694037038636,0.047242519308595625,0.09290014172813905,0.08041003103225272,0.051424318046098476
2022-11,0.17381759405084668,0.2256155230727307,0.08871822526846311,0.13343044671434381,0.026072147855832086,0.15073018963731022,0.00470428567425481,0.1197012543713325,0.057735298849174756,0.01947503450571128
2022-12,0.04625992828031698,0.2920803601036204,0.13133685140984402,0.13925706319849313,0.029025145925134763,0.11532411021022514,0.031814800827289186,0.10532244009575366,0.05379174365201983,0.055787556297302775
2023-01,0.07145927218992211,0.43144237110439415,0.03934289466768423,0.12011414344718972,0.037648603858169094,0.0308242489346417,0.011043166488806636,0.10040529483747428,0.09457678529330303,0.063143219178415
2023-02,0.14291316824784864,0.276406556049755,0.0830767447591945,0.11671332765717975,0.11258567278881906,0.02663384405314123,0.014154508270865252,0.1036435942869376,0.0544961067114113,0.06937647717484764
2023-03,0.09253128730743726,0.239371193408869,0.05625182023849217,0.13529485591998858,0.12343878569282186,0.10479740804099272,0.013150030791412274,0.11323950671178533,0.049669297498427974,0.07225581438977274
2023-04,0.06651097450051176,0.3107293581488819,0.026082815444706614,0.16038532162290098,0.11579342741923741,0.05709382875425764,0.004889205419623721,0.10426966695948403,0.06722819380804886,0.08701720792234699
2023-05,0.11481138219964182,0.35028427384868505,0.053231095030629394,0.11621698369925433,0.05449487596710365,0.06298554481635738,0.020818657112313715,0.13388728165133992,0.0320015518510673,0.061268353823607236
2023-06,0.10606803838444201,0.27762408435108604,0.07903699607799552,0.16733071463391413,0.07475829894945302,0.05712880497849801,0.004768111664521735,0.10715353748598828,0.08265948040657611,0.04347193306752505
2023-07,0.050706118094331024,0.26205299863834725,0.07933374003145767,0.10402860985724642,0.07935840372074783,0.11783026230979798,0.00825105315340985,0.161125823915147,0.06674876010421751,0.07056423017529738
2023-08,0.10414022797602199,0.24975430394539502,0.0165337196780604,0.15512847285880818,0.10781051137479289,0.05502415784982744,0.060868822489957286,0.10792472818142221,0.1146290357705647,0.02818601987514982
2023-09,0.07707398571981502,0.21347032401036675,0.07037275647150049,0.18267790635614353,0.06357350568439629,0.09256688159959436,0.02295093972290024,0.1561440928088257,0.0514681517676507,0.06970145585880683
2023-10,0.04504827619208901,0.3169550944902261,0.10781260806163354,0.13038938557390423,0.07618877800846287,0.06503768354275828,0.004085865314546615,0.19770114173257913,0.04455999133770521,0.012221175746095063
2023-11,0.0413682242172985,0.2525588573729821,0.10717295139914344,0.11673044563259548,0.034957486616098515,0.11475291045424553,0.011137175714304552,0.20826893210618153,0.08128115224085873,0.031771864246291436
2023-12,0.055019694954482036,0.3335904252250791,0.10371611315959917,0.16400517659525854,0.05593946749086431,0.05946243517039781,0.007702091449308845,0.16314164795562355,0.04859383237518057,0.00882911562420614
